,Name,Year,Total Population,Growth Rate,Population Density (per sq km),Total Fertility Rate,Life Expectancy at Birth,Under-5 Mortality Rate
2,Algeria,2023,46286076,1.62,19.4,2.97,77.8,21.7
3,Angola,2023,35981281,3.34,28.9,5.76,62.5,87.1
4,Benin,2023,14219908,3.31,128.5,5.39,62.6,81.8
5,Botswana,2023,2417596,1.37,4.3,2.37,66.0,31.2
6,Burkina Faso,2023,22489126,2.46,82.1,4.14,63.8,78.9
7,Burundi,2023,13162952,3.59,512.6,4.96,67.8,52.1
8,Cabo Verde,2023,603901,1.19,149.7,2.11,74.0,28.0
9,Cameroon,2023,30135732,2.73,63.8,4.5,63.7,70.8
10,Central African Republic,2023,5552228,1.77,8.9,3.99,56.0,122.6
11,Chad,2023,18523165,3.05,14.7,5.35,59.6,105.3
12,Comoros,2023,888378,1.34,397.5,2.69,67.5,77.0
13,Congo (Brazzaville),2023,5953730,2.4,17.4,3.86,72.2,44.2
14,Congo (Kinshasa),2023,111859928,3.13,49.3,5.56,62.2,78.6
15,Côte d'Ivoire,2023,29344847,2.16,92.3,3.47,62.7,73.7
16,Djibouti,2023,976143,1.93,42.1,2.13,65.6,61.9
17,Egypt,2023,109546720,1.59,110.0,2.76,74.7,20.3
18,Equatorial Guinea,2023,1737695,3.36,61.9,4.19,63.8,105.8
19,Eritrea,2023,6274796,1.08,62.1,3.5,67.2,58.4
20,Eswatini,2023,1130043,0.72,65.7,2.41,60.2,48.7
21,Ethiopia,2023,115757473,2.4,105.6,3.92,67.1,47.5
22,Gabon,2023,2397368,2.39,9.3,3.26,70.0,40.3
23,"Gambia, The",2023,2468569,2.23,243.9,3.66,68.0,57.6
24,Ghana,2023,33846114,2.19,148.8,3.61,69.7,44.0
25,Guinea,2023,13607249,2.75,55.4,4.82,64.3,71.7
26,Guinea-Bissau,2023,2078820,2.54,73.9,4.65,64.1,70.4
27,Kenya,2023,57052004,2.09,100.2,3.23,70.0,36.8
28,Lesotho,2023,2210646,0.76,72.8,2.88,59.9,61.6
29,Liberia,2023,5311296,2.37,55.1,4.03,61.3,75.3
30,Libya,2023,7252573,1.54,4.1,3.04,77.4,12.6
31,Madagascar,2023,28812195,2.22,49.5,3.55,68.5,54.7
32,Malawi,2023,21279597,2.28,226.2,3.3,72.7,54.1
33,Mali,2023,21359722,2.93,17.5,5.45,62.8,91.9
34,Mauritania,2023,4244878,1.96,4.1,3.46,65.6,76.3
35,Mauritius,2023,1309448,0.09,645.0,1.35,75.1,14.0
36,Morocco,2023,37067420,0.88,51.7,2.27,74.0,22.3
37,Mozambique,2023,32513805,2.55,41.3,4.74,57.7,91.4
38,Namibia,2023,2756722,1.66,3.3,2.94,63.7,41.8
39,Niger,2023,25396840,3.66,20.0,6.73,60.5,102.5
40,Nigeria,2023,230842743,2.53,253.5,4.57,61.8,83.4
41,Rwanda,2023,13400541,1.68,543.2,3.23,66.2,33.7
42,"Saint Helena, Ascension, and Tristan da Cunha",2023,7935,0.11,20.1,1.61,80.7,21.5
43,Sao Tome and Principe,2023,220372,1.45,228.6,3.44,67.4,65.1
44,Senegal,2023,18384660,2.52,95.5,4.17,70.3,44.0
45,Seychelles,2023,97617,0.6,214.5,1.81,76.4,15.0
46,Sierra Leone,2023,8908040,2.41,124.4,3.71,59.1,97.0
47,Somalia,2023,12693796,2.49,20.2,5.22,56.1,138.6
48,South Africa,2023,59795503,1.08,49.2,2.31,71.0,27.7
49,South Sudan,2023,12118379,4.78,18.8,5.2,59.7,95.4
50,Sudan,2023,49197555,2.55,26.4,4.54,67.5,60.7
51,Tanzania,2023,65642682,2.75,74.1,4.33,70.5,42.3
52,Togo,2023,8703961,2.45,160.0,4.18,71.7,57.3
53,Tunisia,2023,11976182,0.63,77.1,1.96,77.1,13.2
54,Uganda,2023,47729952,3.22,242.2,5.26,69.3,40.5
55,Zambia,2023,20216029,2.86,27.2,4.49,66.6,52.3
56,Zimbabwe,2023,16819805,1.99,43.5,3.51,66.8,48.7
